10003
10004
10033
10076
10077
10078
10079
10080
10126
10127
10128
10167
10168
10199
10200
10201
10232
10233
10234
10235
10266
1030
10302
10303
10333
10334
10364
10393
10425
10450
10451
10484
10508
10509
10533
10534
10554
10555
10581
10609
10610
10633
10644
10659
10685
10707
10728
10746
10747
10765
10766
10782
10801
10823
10846
10847
10865
10875
10889
10912
10913
10930
10949
10964
10981
11081
11119
11159
11182
11199
11234
11235
11272
11292
11301
11312
11330
11331
11364
11376
11397
11419
11436
11437
11483
11484
11505
11514
11528
11549
11585
11603
11620
11638
11655
11692
11709
11729
11745
11784
11785
11786
11787
11810
11825
11837
11861
11862
11875
11881
11890
11903
11940
11952
11987
12000
12001
12011
12025
12051
12068
12082
12098
12116
12148
12149
12154
12160
12190
12219
12232
12250
12265
12278
1230
12303
12310
12336
1246
1284
1306
1329
1346
1355
1372
1388
1434
1435
1453
1454
1478
1500
1501
151
1527
1583
1584
1619
1650
1651
1652
1679
168
1707
1740
1741
1764
1811
1868
1869
1896
1907
1930
1931
1932
1965
1966
1987
2010
2104
2215
2402
2453
2541
2731
2748
2768
2874
289
2918
2919
2982
2983
3004
3042
319
3226
3272
3333
3334
3335
3397
3398
345
3478
3479
3587
3650
3651
3720
3814
3815
3839
3867
387
3986
4019
4030
4158
4190
4249
4349
4364
4428
4429
4488
4520
4521
4603
4604
4703
4736
480
4826
4860
4887
4940
4941
5005
5035
5066
5104
5133
5160
5183
5261
5324
5325
5358
5359
5474
5643
5644
5717
5829
584
5865
6014
6015
6080
6116
6170
6217
6277
6278
6349
6381
6393
6415
6524
6580
6604
6605
6606
6668
6698
6724
6757
6787
6810
6843
6844
6870
6896
6917
6918
6979
7005
7032
7033
7086
7087
7112
7113
7137
7163
7187
7188
7207
7208
7209
7210
7233
7234
7235
7261
7262
7263
7286
7308
7346
7370
7397
7398
7420
7421
7446
7468
7494
7522
7523
7547
7574
7601
7602
7626
7627
7649
7650
7675
7699
7700
7746
7747
7773
7802
7829
7830
7864
7865
7885
7901
7926
7958
7979
7980
8004
8026
8052
8077
8103
8128
8154
8155
8180
8202
8223
8244
8288
8311
8340
8341
8342
8368
8369
8397
8398
8425
8462
8486
8487
8508
8509
8553
8598
8599
8600
8626
8627
8628
8659
8660
8685
8686
8711
8755
8779
8804
8805
8828
8852
8853
8882
8883
8909
8944
8973
8974
8999
9030
9055
9056
9057
9058
9082
9083
9105
9106
9128
9129
9130
9156
9157
9158
9190
9191
9192
9193
9220
9221
9236
9256
9257
9258
9286
9287
9318
9319
933
9342
9343
9372
9373
9374
9403
9404
9435
9436
9463
9464
9503
9504
9538
9539
9568
9569
9570
9587
9607
9642
9643
9644
9645
9676
9677
9710
9711
9740
9741
9768
9769
9770
9771
9802
9803
9832
9833
9834
9870
9871
99
990
9907
9908
9940
9941
9974
9975
