10002
10003
10004
10032
10033
10075
10076
10077
10078
10079
10080
1011
10125
10126
10127
10128
10166
10167
10168
10197
10198
10199
10200
10201
10231
10232
10233
10234
10235
10265
10266
1029
1030
10300
10301
10302
10303
10332
10333
10334
10345
10362
10364
10391
10392
10393
10424
10425
10449
10450
10451
10483
10484
10507
10508
10509
10532
10533
10534
10553
10554
10555
10580
10581
10608
10609
10610
10632
10633
10643
10644
1065
10658
10659
10684
10685
10706
10707
10727
10728
10745
10746
10747
10764
10765
10766
10781
10782
10800
10801
10822
10823
10845
10846
10847
1086
10864
10865
10874
10875
10888
10889
10911
10912
10913
10929
10930
10948
10949
10963
10964
10980
10981
10998
11015
11034
11056
11073
1108
11080
11081
1109
11096
11118
11119
11141
11158
11159
11181
11182
11198
11199
11218
11234
11235
1124
11252
11271
11272
11291
11292
11300
11301
11311
11312
11330
11331
11346
1135
11363
11364
11375
11376
11396
11397
11418
11419
11435
11436
11437
11460
11482
11483
11484
1150
11504
11505
11514
11527
11528
11549
11569
11584
11585
11602
11603
11619
11620
11638
11654
11655
11672
1169
11691
11692
1170
11708
11709
11728
11729
11745
11759
11783
11784
11785
11786
11787
11799
11809
11810
11825
11836
11837
11861
11862
11874
11875
11881
1189
11890
11903
11915
11926
11940
11951
11952
11963
11987
11999
12000
12001
12011
12025
12040
12051
12067
12068
12081
12082
12098
12116
12148
12149
12153
12154
12160
12164
12177
12185
12189
12190
12209
12218
12219
12232
12238
12244
12250
12257
12265
12269
12277
12278
1229
1230
12303
12310
12336
1245
1246
1283
1284
1306
1329
133
1346
1355
1371
1372
1387
1388
1396
1410
1433
1434
1435
1452
1453
1454
1478
149
1499
150
1500
1501
151
1527
1556
1583
1584
1595
1618
1619
1650
1651
1652
167
1679
168
1706
1707
1739
1740
1741
1764
1787
1810
1811
1839
1868
1869
1895
1896
1906
1907
1930
1931
1932
195
1965
1966
1987
2009
2010
2036
2058
2103
2104
2127
214
2154
2155
2178
2179
2191
2214
2215
2240
2278
2293
2315
2338
2356
2379
24
2401
2402
2433
2452
2453
2478
2500
2501
252
2521
2540
2541
2562
2585
259
260
2600
2621
2642
2643
2659
2668
2687
2703
2715
2730
2731
2747
2748
2767
2768
277
2789
2805
2806
2830
2873
2874
288
2880
2881
289
2895
2917
2918
2919
2941
2958
2959
2981
2982
2983
3003
3004
302
3025
3040
3041
3042
3060
3081
3099
3122
3146
3147
3170
318
3187
3188
319
3205
3225
3226
3248
3271
3272
3303
3332
3333
3334
3335
3364
3365
3375
3396
3397
3398
3427
3428
344
345
3453
3477
3478
3479
3508
3531
3560
3586
3587
3615
3649
3650
3651
368
3681
3693
3719
3720
3754
3786
3813
3814
3815
3838
3839
385
386
3865
3866
3867
387
3896
3920
3951
3952
3985
3986
4018
4019
4029
4030
4055
4075
4076
4093
4094
411
4118
4119
4156
4157
4158
4188
4189
4190
4223
4247
4248
4249
4281
431
4315
432
4347
4348
4349
4363
4364
4389
4390
4427
4428
4429
4462
4463
4487
4488
4518
4519
4520
4521
453
4545
4546
4577
4602
4603
4604
4639
4670
4671
4702
4703
4716
4735
4736
4767
479
4794
480
4825
4826
4859
4860
4886
4887
4920
4939
4940
4941
4972
498
499
5
5003
5004
5005
5034
5035
5065
5066
5103
5104
5132
5133
5158
5159
5160
5182
5183
5206
5207
5234
5235
5260
5261
5289
5290
5323
5324
5325
5357
5358
5359
5368
5391
5392
540
5422
5450
5473
5474
5503
5504
5526
5554
5577
5578
5607
563
5642
5643
5644
5676
5677
5691
5716
5717
5740
5741
5759
5760
5791
58
5827
5828
5829
583
584
5864
5865
59
5902
5931
5932
5974
6
6013
6014
6015
6042
6043
6055
6079
6080
6115
6116
6145
6169
6170
6191
6192
621
6216
6217
6249
6250
6275
6276
6277
6278
6314
6348
6349
6380
6381
6392
6393
64
6414
6415
6442
6443
6472
6473
6494
6495
65
6522
6523
6524
6550
6579
6580
6603
6604
6605
6606
661
662
6637
6667
6668
6696
6697
6698
6707
6723
6724
6756
6757
6786
6787
6808
6809
681
6810
682
6842
6843
6844
6869
6870
6894
6895
6896
6916
6917
6918
6948
6978
6979
7004
7005
7016
7031
7032
7033
7061
7085
7086
7087
709
7111
7112
7113
7136
7137
7162
7163
7187
7188
7207
7208
7209
7210
7233
7234
7235
7261
7262
7263
727
7284
7285
7286
7293
7294
7307
7308
7323
7324
7345
7346
7368
7369
7370
7396
7397
7398
7419
7420
7421
743
7445
7446
7466
7467
7468
7493
7494
7521
7522
7523
7546
7547
7556
7557
757
7573
7574
7600
7601
7602
7625
7626
7627
7647
7648
7649
7650
7674
7675
7698
7699
7700
7724
7725
7745
7746
7747
7772
7773
7801
7802
7828
7829
7830
7843
7844
7863
7864
7865
7884
7885
7900
7901
7925
7926
7956
7957
7958
797
7978
7979
7980
80
8002
8003
8004
8024
8025
8026
8051
8052
8076
8077
8101
8102
8103
8112
8127
8128
8152
8153
8154
8155
8179
8180
820
8201
8202
8222
8223
8243
8244
8265
8266
8286
8287
8288
8310
8311
8339
8340
8341
8342
8366
8367
8368
8369
8381
8396
8397
8398
8423
8424
8425
8444
8461
8462
8485
8486
8487
8507
8508
8509
8530
8531
854
8552
8553
8575
8576
8597
8598
8599
8600
8625
8626
8627
8628
8640
8641
8658
8659
8660
8684
8685
8686
8709
8710
8711
8733
8734
8754
8755
8778
8779
880
8803
8804
8805
8826
8827
8828
8851
8852
8853
8881
8882
8883
8908
8909
8924
8925
8942
8943
8944
8972
8973
8974
8997
8998
8999
9029
9030
9055
9056
9057
9058
9082
9083
9105
9106
9128
9129
9130
9156
9157
9158
9190
9191
9192
9193
9220
9221
9236
9256
9257
9258
9285
9286
9287
9317
9318
9319
932
933
9341
9342
9343
9371
9372
9373
9374
9402
9403
9404
9434
9435
9436
9462
9463
9464
9502
9503
9504
952
953
9537
9538
9539
9567
9568
9569
9570
9586
9587
9605
9606
9607
9641
9642
9643
9644
9645
9675
9676
9677
9709
971
9710
9711
9738
9739
9740
9741
9767
9768
9769
9770
9771
98
9801
9802
9803
9830
9831
9832
9833
9834
9869
9870
9871
988
989
99
990
9906
9907
9908
9938
9939
9940
9941
9955
9973
9974
9975
